 0    0.272136267564732
 100    0.292688459487341
 200    0.301491649778106
 300    0.303491649778106
 400    0.303591649778106
 500    0.303417662673637
 600    0.303376165610116
 700    0.297859497686665
 800    0.292444885315994
 900    0.287130409476964
 1000    0.276819065276671
 1100    0.265795031485068
 1200    0.248070332905550
 1300   0.239160280648942
 1400    0.226409818887236
 1500    0.199229274635596
 1600    0.185194502707060
 1700   0.172148414913656
 1800    0.157129247367445
 1900   0.146061094321887
 2000    0.130909987779947
 2100    0.121690161492707
 2200   0.113121021402660
 2300    0.101385625466330
 2400    0.0925440422569152
 2500    0.0844720040799567
 2600   0.0743395220092184
 2700    0.0654239951987878
 2800    0.0586385255309087
 2900   0.0516066304580546
 3000    0.0471050266304498
 3100    0.0414554819056885
 3200    0.0351766770886584
 3300    0.0303986121672977
 3400    0.0262697103144568
 3500    0.0218879259092779
 3600    0.0196176963190135
 3700    0.0169533176662364
 3800   0.0154744937434275
 3900   0.0136190451580872
 4000    0.0117692337101934
 4100    0.0101704316061398
 4200   0.00878892473731892
 4300    0.00759507570864786
 4400    0.00668431875996531
 4500    0.00577631583586820
 4600    0.00499162703288641
 4700    0.00423562550461465
 4800    0.00366016786216001
 4900    0.00328055243310268
 5000    0.00316296788698336
