0    0.0422911853669169
 100    0.0455776279975358
 200    0.0472644043595815
 300    0.0481283407077881
 400   0.0481229030944003
 500    0.0490028231706021
 600   0.0489969953839814
 700    0.0489914596286625
 800    0.0481005866976497
 900    0.0472259136223919
 1000    0.0463671458206682
 1100    0.0447020222936513
 1200    0.0407973639527152
 1300    0.0400554945028634
 1400    0.0372337719881343
 1500   0.0358966435399693
 1600    0.0339820609761741
 1700   0.0321694032410861
 1800    0.0310137760748518
 1900    0.0293598006135204
 2000    0.0277938669554456
 2100    0.0258359188353953
 2200    0.0240160418326496
 2300    0.0223243566053242
 2400   0.0211336652289310
 2500    0.0196451308623402
 2600    0.0185973386092669
 2700    0.0157792910093412
 2800    0.0146678008776959
 2900    0.0136346038906547
 3000    0.0124451946259077
 3100    0.0115685575827786
 3200    0.0105593162549712
 3300    0.00981557848099966
 3400    0.00879739580869497
 3500    0.00817775762213859
 3600    0.00746432978967137
 3700    0.00681322245610887
 3800    0.00621887369635995
 3900    0.00567637271502878
 4000    0.00518122740300042
 4100    0.00472921696120945
 4200    0.00394012641364546
 4300    0.00359641104807650
 4400    0.00328267955615156
 4500    0.00294218044925738
 4600    0.00273495010544386
 4700    0.00245126476474143
 4800    0.00227859816049114
 4900    0.00207981318521844
 5000    0.00189837021744813
