0    0
 100    0
 200    0.00749519897317649
 300    0.00777221803017477
 400    0.00777124748551682
 500    0.00777046189527538
 600    0.00749127766857782
 700    0.00722216717502177
 800    0.00683696583075918
 900    0.00659143869173193
 1000    0.00635461548369401
 1100    0.00601582895310735
 1200    0.00559170936549965
 1300    0.00519789228650567
 1400    0.00501116748193194
 1500    0.00492010167827022
 1600    0.00474332778749850
 1700    0.00449044457706894
 1800    0.00432913354177120
 1900    0.00417361731134461
 2000    0.00397923634596875
 2100    0.00373999305416320
 2200    0.00360566206358630
 2300    0.00347609388407272
 2400    0.00329077129610491
 2500    0.00311523626753580
 2600    0.00284347986682198
 2700    0.00269180408180188
 2800    0.00254824923419910
 2900    0.00241232152550181
 3000    0.00224234473617830
 3100    0.00204661297192223
 3200    0.00190244995976647
 3300    0.00173646983901806
 3400    0.00161408605652206
 3500    0.00152408605652206
 3600    0.00144655158802692
 3700    0.00132031512355155
 3800    0.00122031512355155
 3900    0.00118326564640027
 4000    0.00106046090328804
 4100    0.000980412704047772
 4200    0.000950412704047772
 4300    0.000836424888678864
 4400    0.000777521156284613
 4500    0.000684228410573642
 4600    0.000647742123474011
 4700    0.000602122457941717
 4800    0.000529884800012702
 4900    0.000483666261997923
 5000    0.000449602253649567
