0   0.00265179762711082
 100    0.00290450908833974
 200    0.00295760001393404
 300    0.00306709391694972
 400    0.00306672915492710
 500    0.00306638267118666
 600    0.00306603622659248
 700    0.00301026475722069
 800    0.00300992465291408
 900    0.00290181585315636
 1000    0.00284904850933857
 1100    0.00279724070007242
 1200    0.00269677096425179
 1300    0.00259992530554079
 1400    0.00246121183965587
 1500    0.00237281140156614
 1600    0.00216558832015939
 1700    0.00205007235947927
 1800    0.00194072974671919
 1900    0.00183721902906755
 2000    0.00173921881400040
 2100    0.00167676049109600
 2200    0.00158731939227018
 2300    0.00147551770332719
 2400    0.00139681121815931
 2500    0.00129842783414396
 2600    0.00120695247989073
 2700    0.00116360183194702
 2800    0.00108163151730890
 2900    0.00102393555420238
 3000    0.000951815396856557
 3100    0.000884769708927495
 3200    0.000837579651845957
 3300    0.000723733332578518
 3400    0.000672753700057159
 3500    0.000625368781637266
 3600    0.000581317928590865
 3700    0.000540363582070206
 3800    0.000511545804357997
 3900    0.000475515447028885
 4000    0.000450150689022739
 4100   0.000410881972135197
 4200    0.000388967180610136
 4300    0.000361568409491324
 4400    0.000336097603692046
 4500    0.000318171509542167
 4600    0.000279984945683530
 4700    0.000265051674985561
 4800    0.000250914884874056
 4900    0.000233239103093876
 5000    0.000229007357742018
