0    0
 100    0
 200    0.0118233187210799
 300    0.0120394347377309
 400    0.0122595010947012
 500    0.0122580431020422
 600    0.0122566581696240
 700    0.0122552005150671
 800    0.0118150250385177
 900    0.0116001776739804
 1000    0.0113893048764926
 1100    0.0107805629118850
 1200   0.0102055710534954
 1300   0.00983901302807533
 1400    0.00948556442167859
 1500    0.00914486719403889
 1600    0.00865706528387078
 1700    0.00819528351139463
 1800    0.00775822619229274
 1900    0.00734438994122245
 2000    0.00695266972628033
 2100    0.00658184229181722
 2200    0.00623079330096848
 2300    0.00579186301287256
 2400    0.00548294833888670
 2500    0.00519047906444983
 2600    0.00482486274777044
 2700    0.00424581374274298
 2800    0.00394669252399101
 2900    0.00373621403945088
 3000    0.00347305651620933
 3100    0.00322839590501617
 3200    0.00300097049123200
 3300    0.00278959931349570
 3400    0.00264079760376569
 3500    0.00241042867178715
 3600    0.00224063855383189
 3700    0.00208280841813733
 3800   0.00193609580592320
 3900    0.00179971760103873
 4000    0.00167295579846995
 4100    0.00152700708193122
 4200    0.00131945958079050
 4300    0.00120434988541348
 4400    0.00114012148728087
 4500    0.00104065725282886
 4600    0.000985152781249655
 4700    0.000932608694904790
 4800    0.000866915923254932
 4900   0.000805855329612935
 5000    0.000776929546596143
