0    0.0962622094804751
100    0.105436448890191
 200    0.106358592519180
 300   0.109358592519180
 400    0.111325191958121
 500    0.111311290383316
 600    0.111298714263842
 700    0.111286139565238
 800    0.107288387877303
 900    0.105338681885467
 1000    0.103422561971590
 1100    0.0997072949733120
 1200    0.0961249205381249
 1300   0.0926729102000350
 1400    0.0830509388175057
 1500    0.0800679613846256
 1600    0.0744279900521185
 1700    0.0704578814713112
 1800    0.0666999415069042
 1900    0.0620016108453836
 2000    0.0576338869302691
 2100    0.0545605761575659
 2200    0.0507167367842642
 2300    0.0471442598959432
 2400    0.0438234275716618
 2500    0.0400005082419384
 2600   0.0371831014857401
 2700    0.0345639311858261
 2800   0.0309783856042723
 2900    0.0287962742614326
 3000    0.0235578842381641
 3100    0.0215029494184419
 3200    0.0196273815872788
 3300    0.0179150881995521
 3400    0.0160568283762786
 3500    0.0143914039291786
 3600    0.0126655205096836
 3670    0.0115607863464471
 3700    0.0103615710012736
 3800    0.00945779594827397
 3900    0.00847677693058160
 4000    0.00759756023834492
 4100   0.00693479008312576
 4200    0.00599290549586209
 4300   0.00547011676091268
 4400    0.00499296298571349
 4500  0.00447506307854612
 4600   0.00401090669107824
 4700    0.00366103860722032
 4800   0.00322199000143962
 4900    0.00294093846999399
 5000    0.00263579273946820
