0    0.00403334218246600
 100    0.00425967260892964
 200    0.00449851627108881
 300    0.00458058028705429
 400    0.00458006276610246
 500    0.00457951807037305
 600    0.00457897343942297
 700    0.00441445591446976
 800    0.00425600117795957
 900    0.00417865868859885
 1000    0.00395585641640384
 1100    0.00367694427539091
 1200    0.00354487783578629
 1300    0.00341751423878788
 1400    0.00323512234454570
 1500    0.00317638851654238
 1600    0.00306235539284095
 1700    0.00295239852896228
 1800    0.00269454274586217
 1900    0.00255079633723984
 2000    0.00245914900501262
 2100    0.00228594063027610
 2200    0.00208647787420152
 2300    0.00201152496024462
 2400    0.00186981130201201
 2500    0.00178981130201201
 2600    0.00173802981375800
 2700    0.00155767688653128
 2800    0.00139604723265764
 2900    0.00125121856316802
 3000    0.00116308297553804
 3100    0.00110106190375794
 3200    0.00104237288269990
 3300    0.000951436239589570
 3400    0.000868453569684763
 3500    0.000778293699396789
 3600    0.000736782644339019
 3700    0.000697473178800793
 3800    0.000660241354217620
 3900    0.000636538528311344
 4000    0.000602584540416552
 4100    0.000560131942857703
 4200    0.000520667070921113
 4300    0.000492908508502866
 4400    0.000458190855575955
 4500    0.000418220757946795
 4600    0.000381737435937537
 4700   0.000342135247954279
 4800    0.000323890982310153
 4900    0.000290282993505646
 5000    0.000279870084564086
