0    0
100   0
200    0.6144730357768
300    1.21323273909261
400    1.21308845227264
500  1.20063904156244
600  1.19080980458061
700    1.14339458712534
800  1.12496111020824
900    1.08675691414999
1000  0.991876112300337
1100 0.918239146783523
1200 0.838239146783523
1300 0.758239146783523
1400   0.698270266164395
1500    0.625840681472567
1600    0.565488250532700
1700  0.503764468237061
1800    0.455190973245701
1900    0.394960752128252
2000   0.349012216417860
2100    0.311551910263196
2200    0.265977918478457
2300   0.212294516603721
2400   0.183160635482446
2500   0.157006680425359
2600   0.137621266795895
2700    0.120874769091582
2800    0.105736442632665
2900    0.0870361003019310
3000    0.0660626852755682
3100    0.0572062649046076
3200    0.0506543442331098
3300   0.0437746056062557
3400    0.0383698872072206
3500    0.0343912515685185
3600    0.0282513658681290
3700    0.0236353735532802
3800    0.0198434098035547
3900   0.0154718355391342
4000    0.0136441748459562
4100   0.0119352555521434
4200    0.0104404594776126
4300    0.00873436711509305
4400  0.00780303653591017
4500   0.00613787291068464
4600    0.00527194744643934
4700   0.00477194744643934
4800    0.00419235375372548
4900    0.00384232361842590
5000    0.00354294832982600
