 200.352526439483    0.0447388201603937
 297.297297297297    0.0138973589647232
 407.168037602820    0.0118148834799881
 504.112808460635    0.00336561588994907
 607.520564042303    0.00302042732477902
 710.928319623972    0.00240632813466619
 807.873090481786    0.00243262320386653
 911.280846063455    0.00185590175433392
 1014.68860164512    0.00116521663205860
 1118.09635722679    0.000898645476561019
 1221.50411280846    0.000948671683007201
 1318.44888366627    0.000842203361691358
 1421.85663924794    0.000806548138538999
 1525.26439482961    0.000764085636158669
 1628.67215041128    0.000764120197398091
 1732.07990599295    0.000747787433033363
 1829.02467685076    0.000708416514699028
 1925.96944770858    0.000663892269024545
 2132.78495887192    0.000558356549238630
 2339.60047003525    0.000570629293156638
 2546.41598119859    0.000534790726825238
 2746.76850763807    0.000602475388476934
 2947.12103407756    0.000609086466928431
 3457.69682726204    0.000469827046892120
 3968.27262044653    0.000518023220150627
 4478.84841363102    0.000622835103763079
 4989.42420681551    0.000781993706226702
